*NODE
1, 0, 0, 0
2, 0.1, 0, 0
3, 0.1, 0.1, 0
4, 0, 0.1, 0
5, 0, 0, 0.1
6, 0.1, 0, 0.1
7, 0.1, 0.1, 0.1
8, 0, 0.1, 0.1
9, 0, 0, 0.2
10, 0.1, 0, 0.2
11, 0.1, 0.1, 0.2
12, 0, 0.1, 0.2
13, 0, 0, 0.3
14, 0.1, 0, 0.3
15, 0.1, 0.1, 0.3
16, 0, 0.1, 0.3
17, 0, 0, 0.4
18, 0.1, 0, 0.4
19, 0.1, 0.1, 0.4
20, 0, 0.1, 0.4
*
*ELEMENT_SOLID
1, 1001, 1, 2, 3, 4, 5, 6, 7, 8
2, 1001, 5, 6, 7, 8, 9, 10, 11, 12
3, 1001, 9, 10, 11, 12, 13, 14, 15, 16
4, 1001, 13, 14, 15, 16, 17, 18, 19, 20
*
*DISPLACEMENT
0, 0, 0
1, 2, 3, 4
*
*TRACTION
0, 0, 10e7
17, 18, 19, 20
*
*SET_LINEAR_MATERIAL
*ELASTIC_MODULUS
200e9
*POISSON_RATIO
0.33
*
*END